.Random.seed <-
c(403L, 239L, -1831897414L, -100534286L, -1034889112L, 1265247230L, 
-1651491664L, -1845658027L, 250328332L, -1149441194L, -1635463484L, 
-287177481L, -1065075354L, -859772255L, 1060462673L, -208146840L, 
-755550567L, -627923702L, -707051403L, -482867040L, 1047201676L, 
-715068457L, -942849176L, -1862549036L, -1017451164L, 1379477960L, 
-1554640100L, -348640416L, -340659273L, -376256546L, 1298626525L, 
1718444438L, -924208909L, -1932766755L, 1271141460L, 1399633414L, 
1727226240L, -1599394117L, 1511123746L, -56445082L, -99574585L, 
-219858325L, 1386605829L, -512859519L, -1260564014L, 2046946380L, 
-1550300641L, 2086626516L, 1943128003L, 1455813323L, 24485499L, 
-1382157443L, 458900382L, -369752631L, 597459827L, -493420557L, 
408579672L, -80479390L, -2143011501L, 363700365L, -1057550551L, 
-1642815637L, -512994211L, -2095203577L, -296324244L, -1361381314L, 
-1858890738L, 1460606329L, -349605052L, -1008428239L, 543411695L, 
826822479L, 522300646L, 98850414L, -319065138L, -1018853105L, 
231085131L, 1104697187L, -1394052879L, -1667977964L, 1788516597L, 
-1695288749L, 754281746L, 295807808L, 768984289L, 613396857L, 
1802787144L, -220235719L, 1247142692L, -456915326L, -1200784689L, 
765083527L, -1351747291L, 954085708L, 244864426L, 938660119L, 
1304876227L, -1841488889L, 1714774476L, 703206014L, -1678619103L, 
1985115738L, -2052504438L, -1457988445L, 2055780360L, -441005805L, 
-1889428077L, 556348309L, -1760807761L, -455501548L, 510112624L, 
-1842320390L, -118568910L, -907592053L, 1073741395L, 1451200115L, 
-1924111221L, 43346550L, -1793201581L, -812621775L, -1131527552L, 
1630635139L, 1688989677L, 1121521053L, 404090781L, 859393556L, 
-985723639L, -178694509L, 1702551411L, -1227996335L, 1116480896L, 
-287167311L, -893673623L, 1771216160L, 1109885268L, 1767323803L, 
20288632L, 1797023167L, 2121560796L, -18464020L, 195932444L, 
-2133367007L, 997920879L, 1314831872L, 1791854966L, -73310087L, 
-1109945667L, -1082164311L, -2100430341L, 637357861L, 1460520712L, 
-987618175L, -1184989043L, -943827413L, -165967041L, 1097021220L, 
-621274020L, -1915593479L, 1597763478L, 1105183906L, 520536594L, 
1988939352L, 407247911L, 108762459L, 2037658971L, -1754091972L, 
-1189949264L, -625179365L, -124664280L, 436166652L, -866344166L, 
1964829317L, 87586693L, 186590781L, 1967342916L, 571084521L, 
1930364036L, 857588611L, -1634895795L, 1339858888L, 1147480735L, 
1192768130L, -980896694L, 1989196217L, 933661921L, -1506085830L, 
1388376470L, -1469279137L, -1093938235L, 1704198408L, 1481109124L, 
-1893668276L, -928918826L, -2003775401L, -2007872022L, 1743959407L, 
-1271720543L, -292465191L, 1591737276L, 1005688793L, 1952650541L, 
1518644740L, -813575421L, 1064561279L, 957632353L, 2011460831L, 
1576416797L, -598777977L, 18144252L, 1666413049L, 2007986465L, 
-1247088516L, -420447889L, 935438393L, 824006582L, 732378379L, 
170187979L, -176962397L, 434478411L, 404196517L, 865059275L, 
-1068575100L, -2043441715L, 1290611478L, 1855816965L, -1095309056L, 
-1576896933L, -875522132L, -569083113L, 1421007281L, -1607263283L, 
2040336018L, 836665019L, -168784709L, 1162714008L, 718233755L, 
1437398973L, 1727895886L, -1734189521L, -59449620L, 1469759358L, 
48403212L, 1574053924L, 1158125113L, -1186264062L, 1159241532L, 
-1229499076L, 1372523584L, 1401652941L, 2119330557L, -251583413L, 
414370546L, 243795556L, -2110987870L, -442156601L, 1577849699L, 
29981655L, -726143309L, 68167512L, -2081268699L, -855282489L, 
-1773409838L, 2012134228L, 793177046L, 1065584081L, -851209564L, 
27671107L, 1737972119L, -737352171L, -890783264L, -1083825663L, 
303324301L, 515448649L, -1907177092L, -1653980529L, 1928826047L, 
1768513305L, 1826516829L, -994751666L, -1375386245L, 482943827L, 
1395522464L, 1109621331L, -479603980L, 2091874468L, -553112165L, 
2041320191L, 1614786498L, -571222675L, -2054199177L, 1136240196L, 
215181438L, 2089459620L, -668353536L, -2121620675L, 66745817L, 
-852596790L, 455345904L, -2105298579L, -64246470L, 1875212711L, 
-1743036387L, 1975883346L, 1671894324L, 1982097792L, -1158609307L, 
1493138078L, 1308820075L, 223513581L, -1951377331L, 1805261902L, 
-791867487L, -536536476L, -562031615L, -805833076L, -965770105L, 
-853943212L, 2147016196L, 1346744910L, -1193077929L, -775178443L, 
-586339712L, 425810835L, 410674525L, 654901292L, 924801488L, 
1879998074L, -1533073470L, -708995751L, -673731712L, 837727587L, 
1633836013L, -1393785866L, -147685656L, -1309125331L, 97098782L, 
1476195528L, 1778850440L, -658716924L, -1979843186L, 922954310L, 
608667910L, 1787006586L, -14250802L, 1628566628L, -1817920606L, 
-793025279L, 1870289328L, -1413914644L, 1742287950L, -1116952916L, 
2086646728L, -8981338L, 866922367L, 1126492323L, -2128331332L, 
182440056L, 1908264196L, -625888063L, -1722395281L, -1080586878L, 
936155123L, -1850576373L, -578560097L, -1203892826L, -2039944021L, 
-795388607L, 290319879L, -1462323153L, -568839320L, -125956932L, 
874206731L, -707181519L, 1449653819L, -133612509L, -1542149267L, 
-1535589955L, 888954156L, 2090229328L, 2128217662L, -730062728L, 
-461815141L, 1420944094L, -360405596L, -1768757320L, 338265301L, 
-1639468430L, -521656554L, 420999967L, 746938732L, 396932797L, 
-2094149936L, -803289131L, -2129439629L, -678331037L, 1645731425L, 
1953586860L, 920280431L, 586513400L, 443248557L, 477453498L, 
1307446688L, -1410696607L, -557513792L, 409342694L, 1180312645L, 
313267196L, -2113087918L, -1846706745L, -130069883L, -2047542353L, 
920622595L, -350026419L, 584643828L, -1095816780L, -1357300873L, 
-939191872L, 806021292L, -571756387L, -765103354L, -511923726L, 
-2074963585L, -509241720L, -1521959471L, 1148356172L, 1789489682L, 
1658654551L, -2138105209L, 1888109479L, -340974310L, 1304812441L, 
-1899328978L, 1305206420L, -1255902015L, 745366537L, 1972599743L, 
1437813382L, 1971228133L, 1636938675L, 2085727502L, 1769899077L, 
-890905638L, -1854174418L, 391029248L, 61668701L, 156817424L, 
1211706858L, -1715339673L, -1614761609L, -1571212084L, -1435593592L, 
-2062462130L, -953523773L, 1509709581L, 656703996L, 1391336105L, 
-389739889L, -1185176826L, -1773849457L, 204055981L, 460103770L, 
1359134136L, 2084046525L, -1174511090L, -717969873L, -503755332L, 
-315738018L, 540173177L, 879427242L, 1638413860L, 2036718200L, 
-1214992518L, 1866483352L, 802962116L, 73590052L, -249083735L, 
2085409671L, 1069476252L, 42639458L, -22589092L, 866168046L, 
-1344801580L, 70454988L, 162737682L, -1232598595L, -1856638911L, 
126655257L, 636184864L, -362433079L, -739571166L, -534461000L, 
1186602192L, -244551378L, 869102319L, -1841155035L, 707034227L, 
-1776884882L, -2063889392L, 673414878L, -819244063L, -1906640190L, 
-98692246L, 1554076546L, 132527894L, -1788573013L, -1092168767L, 
-378401647L, -1580554474L, -1813504992L, -632804906L, 1212514426L, 
906179872L, 1137911888L, 1961468239L, 1507410507L, 1444467350L, 
-2118489860L, -1313312892L, 435844087L, 1532211570L, 1557980987L, 
1344449152L, 1329400864L, 300197995L, 34186823L, -2056791978L, 
468040342L, 1642218056L, -554885452L, -216878977L, -1693200613L, 
1318386478L, -1132298205L, 906446383L, -1324276057L, 1817682715L, 
1548911412L, 653812032L, -1128033653L, -1586564566L, -81452610L, 
-742476570L, 1767832588L, -21760646L, -2059371602L, -696015363L, 
1385120128L, -163750935L, -1074617321L, 1789506603L, 515248548L, 
1999624429L, 1326696111L, 1685582274L, -2039148107L, -1955372424L, 
-1324997416L, -458732684L, -4172789L, 748527171L, -453953070L, 
1845791096L, -1915987517L, -97066942L, 233889996L, 152396511L, 
-153060889L, 1317373632L, -804021476L, 1864506921L, -2000117408L, 
-1207149089L, 557018912L, 1457098200L, -1639266972L, -458706312L, 
-1873806917L, 1233681833L, -979337513L, -386897075L, -540415750L, 
473474728L, -1136933390L, -1607703705L, 186069976L, 1656386848L, 
1702969811L, -244912634L, 361346114L, -1272568851L, -2048161832L, 
-1579554663L, -246428574L, 141410317L, 869399752L, 240649987L, 
-259576630L, -1459341853L, 1113154528L, 1429724060L, -1244808306L, 
-834288769L, 864670045L, 801753973L, 2085679880L, -1367702544L, 
